14:57:15: [INFO] [C:\Users\12897\autonomy-bootcamp-2025-p2\modules\command\command_worker.py | command_worker | 49] Logger initialized
14:57:15: [INFO] Average X velocity: 0.0
14:57:15: [INFO] Average Y velocity: 0.0
14:57:15: [INFO] Average Z velocity: 4.0
14:57:15: [INFO] [C:\Users\12897\autonomy-bootcamp-2025-p2\modules\command\command.py | run | 119] CHANGE ALTITUDE: 1
14:57:15: [INFO] [C:\Users\12897\autonomy-bootcamp-2025-p2\modules\command\command.py | run | 137] CHANGE YAW: 63.434948822922024
14:57:16: [INFO] Average X velocity: 0.0
14:57:16: [INFO] Average Y velocity: 0.0
14:57:16: [INFO] Average Z velocity: 1.0
14:57:16: [INFO] [C:\Users\12897\autonomy-bootcamp-2025-p2\modules\command\command.py | run | 119] CHANGE ALTITUDE: -1
14:57:16: [INFO] [C:\Users\12897\autonomy-bootcamp-2025-p2\modules\command\command.py | run | 137] CHANGE YAW: 63.434948822922024
14:57:16: [INFO] Average X velocity: 0.0
14:57:16: [INFO] Average Y velocity: 0.0
14:57:16: [INFO] Average Z velocity: 0.6666666666666666
14:57:17: [INFO] Average X velocity: 0.0
14:57:17: [INFO] Average Y velocity: 0.0
14:57:17: [INFO] Average Z velocity: 0.5
14:57:17: [INFO] Average X velocity: 0.0
14:57:17: [INFO] Average Y velocity: 0.0
14:57:17: [INFO] Average Z velocity: 0.4
14:57:18: [INFO] Average X velocity: 0.0
14:57:18: [INFO] Average Y velocity: 0.0
14:57:18: [INFO] Average Z velocity: 0.3333333333333333
14:57:18: [INFO] Average X velocity: 0.0
14:57:18: [INFO] Average Y velocity: 0.0
14:57:18: [INFO] Average Z velocity: 0.2857142857142857
14:57:19: [INFO] Average X velocity: 0.0
14:57:19: [INFO] Average Y velocity: 2.5
14:57:19: [INFO] Average Z velocity: 0.25
14:57:19: [INFO] [C:\Users\12897\autonomy-bootcamp-2025-p2\modules\command\command.py | run | 137] CHANGE YAW: 63.434948822922024
14:57:19: [INFO] Average X velocity: 0.0
14:57:19: [INFO] Average Y velocity: 4.444444444444445
14:57:19: [INFO] Average Z velocity: 0.2222222222222222
14:57:19: [INFO] [C:\Users\12897\autonomy-bootcamp-2025-p2\modules\command\command.py | run | 137] CHANGE YAW: 90.0
14:57:20: [INFO] Average X velocity: 0.0
14:57:20: [INFO] Average Y velocity: 6.0
14:57:20: [INFO] Average Z velocity: 0.2
14:57:20: [INFO] [C:\Users\12897\autonomy-bootcamp-2025-p2\modules\command\command.py | run | 137] CHANGE YAW: 116.56505117707798
14:57:20: [INFO] Average X velocity: 1.8181818181818181
14:57:20: [INFO] Average Y velocity: 5.454545454545454
14:57:20: [INFO] Average Z velocity: 0.18181818181818182
14:57:20: [INFO] [C:\Users\12897\autonomy-bootcamp-2025-p2\modules\command\command.py | run | 137] CHANGE YAW: 45.0
14:57:21: [INFO] Average X velocity: 3.3333333333333335
14:57:21: [INFO] Average Y velocity: 5.0
14:57:21: [INFO] Average Z velocity: 0.16666666666666666
14:57:21: [INFO] [C:\Users\12897\autonomy-bootcamp-2025-p2\modules\command\command.py | run | 137] CHANGE YAW: 63.434948822921996
14:57:21: [INFO] Average X velocity: 4.615384615384615
14:57:21: [INFO] Average Y velocity: 4.615384615384615
14:57:21: [INFO] Average Z velocity: 0.15384615384615385
14:57:21: [INFO] [C:\Users\12897\autonomy-bootcamp-2025-p2\modules\command\command.py | run | 137] CHANGE YAW: 90.0
14:57:22: [INFO] Average X velocity: 4.285714285714286
14:57:22: [INFO] Average Y velocity: 2.857142857142857
14:57:22: [INFO] Average Z velocity: 0.14285714285714285
14:57:22: [INFO] [C:\Users\12897\autonomy-bootcamp-2025-p2\modules\command\command.py | run | 137] CHANGE YAW: 26.565051177077976
14:57:22: [INFO] Average X velocity: 4.0
14:57:22: [INFO] Average Y velocity: 1.3333333333333333
14:57:22: [INFO] Average Z velocity: 0.13333333333333333
14:57:22: [INFO] [C:\Users\12897\autonomy-bootcamp-2025-p2\modules\command\command.py | run | 137] CHANGE YAW: 45.0
14:57:23: [INFO] Average X velocity: 3.75
14:57:23: [INFO] Average Y velocity: 0.0
14:57:23: [INFO] Average Z velocity: 0.125
14:57:23: [INFO] [C:\Users\12897\autonomy-bootcamp-2025-p2\modules\command\command.py | run | 137] CHANGE YAW: 90.0
14:57:23: [INFO] Average X velocity: 2.3529411764705883
14:57:23: [INFO] Average Y velocity: 0.0
14:57:23: [INFO] Average Z velocity: 0.11764705882352941
14:57:23: [INFO] [C:\Users\12897\autonomy-bootcamp-2025-p2\modules\command\command.py | run | 137] CHANGE YAW: 45.0
14:57:24: [INFO] Average X velocity: 1.1111111111111112
14:57:24: [INFO] Average Y velocity: 0.0
14:57:24: [INFO] Average Z velocity: 0.1111111111111111
14:57:24: [INFO] [C:\Users\12897\autonomy-bootcamp-2025-p2\modules\command\command.py | run | 137] CHANGE YAW: 90.0
14:57:24: [INFO] Average X velocity: 0.0
14:57:24: [INFO] Average Y velocity: 0.0
14:57:24: [INFO] Average Z velocity: 0.10526315789473684
14:57:24: [INFO] [C:\Users\12897\autonomy-bootcamp-2025-p2\modules\command\command.py | run | 137] CHANGE YAW: 135.0
14:57:25: [INFO] Average X velocity: 0.0
14:57:25: [INFO] Average Y velocity: 1.0
14:57:25: [INFO] Average Z velocity: 0.1
14:57:25: [INFO] [C:\Users\12897\autonomy-bootcamp-2025-p2\modules\command\command.py | run | 137] CHANGE YAW: -26.565051177077976
14:57:25: [INFO] Average X velocity: 0.0
14:57:25: [INFO] Average Y velocity: 1.9047619047619047
14:57:25: [INFO] Average Z velocity: 0.09523809523809523
14:57:25: [INFO] [C:\Users\12897\autonomy-bootcamp-2025-p2\modules\command\command.py | run | 137] CHANGE YAW: -45.0
14:57:26: [INFO] Average X velocity: 0.0
14:57:26: [INFO] Average Y velocity: 2.727272727272727
14:57:26: [INFO] Average Z velocity: 0.09090909090909091
14:57:26: [INFO] [C:\Users\12897\autonomy-bootcamp-2025-p2\modules\command\command.py | run | 137] CHANGE YAW: -90.0
14:57:26: [INFO] Average X velocity: 0.8695652173913043
14:57:26: [INFO] Average Y velocity: 2.608695652173913
14:57:26: [INFO] Average Z velocity: 0.08695652173913043
14:57:26: [INFO] [C:\Users\12897\autonomy-bootcamp-2025-p2\modules\command\command.py | run | 137] CHANGE YAW: -45.0
14:57:27: [INFO] Average X velocity: 1.6666666666666667
14:57:27: [INFO] Average Y velocity: 2.5
14:57:27: [INFO] Average Z velocity: 0.08333333333333333
14:57:27: [INFO] [C:\Users\12897\autonomy-bootcamp-2025-p2\modules\command\command.py | run | 137] CHANGE YAW: -90.0
14:57:27: [INFO] Average X velocity: 2.4
14:57:27: [INFO] Average Y velocity: 2.4
14:57:27: [INFO] Average Z velocity: 0.08
14:57:27: [INFO] [C:\Users\12897\autonomy-bootcamp-2025-p2\modules\command\command.py | run | 137] CHANGE YAW: -135.0
14:57:28: [INFO] Average X velocity: 2.3076923076923075
14:57:28: [INFO] Average Y velocity: 1.5384615384615385
14:57:28: [INFO] Average Z velocity: 0.07692307692307693
14:57:28: [INFO] [C:\Users\12897\autonomy-bootcamp-2025-p2\modules\command\command.py | run | 137] CHANGE YAW: -63.434948822921996
14:57:28: [INFO] Average X velocity: 2.2222222222222223
14:57:28: [INFO] Average Y velocity: 0.7407407407407407
14:57:28: [INFO] Average Z velocity: 0.07407407407407407
14:57:28: [INFO] [C:\Users\12897\autonomy-bootcamp-2025-p2\modules\command\command.py | run | 137] CHANGE YAW: -90.0
14:57:29: [INFO] Average X velocity: 2.142857142857143
14:57:29: [INFO] Average Y velocity: 0.0
14:57:29: [INFO] Average Z velocity: 0.07142857142857142
14:57:29: [INFO] [C:\Users\12897\autonomy-bootcamp-2025-p2\modules\command\command.py | run | 137] CHANGE YAW: -116.56505117707798
14:57:29: [INFO] Average X velocity: 1.3793103448275863
14:57:29: [INFO] Average Y velocity: 0.0
14:57:29: [INFO] Average Z velocity: 0.06896551724137931
14:57:29: [INFO] [C:\Users\12897\autonomy-bootcamp-2025-p2\modules\command\command.py | run | 137] CHANGE YAW: -45.0
14:57:30: [INFO] Average X velocity: 0.6666666666666666
14:57:30: [INFO] Average Y velocity: 0.0
14:57:30: [INFO] Average Z velocity: 0.06666666666666667
14:57:30: [INFO] [C:\Users\12897\autonomy-bootcamp-2025-p2\modules\command\command.py | run | 137] CHANGE YAW: -63.43494882292201
14:57:30: [INFO] Average X velocity: 0.0
14:57:30: [INFO] Average Y velocity: 0.0
14:57:30: [INFO] Average Z velocity: 0.06451612903225806
14:57:30: [INFO] [C:\Users\12897\autonomy-bootcamp-2025-p2\modules\command\command.py | run | 137] CHANGE YAW: -90.0
14:57:31: [INFO] Average X velocity: 0.0
14:57:31: [INFO] Average Y velocity: 0.0
14:57:31: [INFO] Average Z velocity: 0.1875
14:57:31: [INFO] [C:\Users\12897\autonomy-bootcamp-2025-p2\modules\command\command.py | run | 119] CHANGE ALTITUDE: 1
14:57:31: [INFO] [C:\Users\12897\autonomy-bootcamp-2025-p2\modules\command\command.py | run | 137] CHANGE YAW: 63.434948822922024
14:57:31: [INFO] Average X velocity: 0.0
14:57:31: [INFO] Average Y velocity: 0.0
14:57:31: [INFO] Average Z velocity: 0.12121212121212122
14:57:31: [INFO] [C:\Users\12897\autonomy-bootcamp-2025-p2\modules\command\command.py | run | 119] CHANGE ALTITUDE: -1
14:57:31: [INFO] [C:\Users\12897\autonomy-bootcamp-2025-p2\modules\command\command.py | run | 137] CHANGE YAW: 63.434948822922024
